{
  "camera_angle_x": 0.6380936374898345,
  "camera_angle_y": 1.0606211022836551,
  "fl_x": 3269.4392042523077,
  "fl_y": 3274.5827062265485,
  "k1": 0.008957165448906504,
  "k2": -0.00943658863601601,
  "k3": 0,
  "k4": 0,
  "p1": -0.0012781358933192353,
  "p2": 0.003998028930386302,
  "is_fisheye": false,
  "cx": 1089.4236247359036,
  "cy": 1898.658430271735,
  "w": 2160.0,
  "h": 3840.0,
  "aabb_scale": 16,
  "frames": [
    {
      "file_path": "./images/0002.jpg",
      "sharpness": 63.685011779736286,
      "transform_matrix": [
        [
          -0.15042142540198272,
          -0.17473971766344318,
          0.9730567434140305,
          3.591254372478663
        ],
        [
          0.9793063699521819,
          -0.16113588650583743,
          0.12245105083805187,
          0.4682662076899314
        ],
        [
          0.13539729891946986,
          0.9713399287593162,
          0.195362008323076,
          0.4324273611027058
        ],
        [
          0.0,
          0.0,
          0.0,
          1.0
        ]
      ]
    },
    {
      "file_path": "./images/0001.jpg",
      "sharpness": 54.88199749226509,
      "transform_matrix": [
        [
          -0.18082824668260802,
          -0.16882202191376736,
          0.9689170605223256,
          3.5623047211345362
        ],
        [
          0.9726999933224433,
          -0.17639172715834123,
          0.1508001378676449,
          0.49163580970859266
        ],
        [
          0.1454505695990253,
          0.9697345428301692,
          0.1961097863395628,
          0.45019690002232243
        ],
        [
          0.0,
          0.0,
          0.0,
          1.0
        ]
      ]
    },
    {
      "file_path": "./images/0003.jpg",
      "sharpness": 41.627716159567335,
      "transform_matrix": [
        [
          -0.07639015146932038,
          -0.17857110907007104,
          0.980957136584755,
          3.7544152711017937
        ],
        [
          0.990879025426305,
          -0.12313159548942146,
          0.05474821606893439,
          0.31309667231912813
        ],
        [
          0.11101036767137772,
          0.9761920760022615,
          0.18634840775474246,
          0.4181928045857394
        ],
        [
          0.0,
          0.0,
          0.0,
          1.0
        ]
      ]
    },
    {
      "file_path": "./images/0004.jpg",
      "sharpness": 38.761393470141996,
      "transform_matrix": [
        [
          0.04746291339676451,
          -0.18001833959413094,
          0.9825175160343177,
          4.016826202071564
        ],
        [
          0.9968632765876675,
          -0.05382818005747515,
          -0.05801840072670438,
          -0.040221798340794784
        ],
        [
          0.06333150592744673,
          0.9821893526678563,
          0.17689882960530343,
          0.45945371630383874
        ],
        [
          0.0,
          0.0,
          0.0,
          1.0
        ]
      ]
    },
    {
      "file_path": "./images/0005.jpg",
      "sharpness": 30.587288170245596,
      "transform_matrix": [
        [
          0.1944319687660503,
          -0.1745997404652917,
          0.9652518532506389,
          4.006772205397246
        ],
        [
          0.9808486109272477,
          0.04614071830385952,
          -0.18922747304970566,
          -0.42523285525906396
        ],
        [
          -0.011498346169734504,
          0.9835578095855199,
          0.1802271436037385,
          0.5475558234712014
        ],
        [
          0.0,
          0.0,
          0.0,
          1.0
        ]
      ]
    },
    {
      "file_path": "./images/0006.jpg",
      "sharpness": 40.08830630003784,
      "transform_matrix": [
        [
          0.307953828848322,
          -0.16957545073077396,
          0.9361669754160824,
          3.97186040068113
        ],
        [
          0.9482819425550337,
          0.13432476569529675,
          -0.287607744584947,
          -0.8548742399234106
        ],
        [
          -0.0769791967027862,
          0.9763201441547977,
          0.20217116373364422,
          0.6213389770402143
        ],
        [
          0.0,
          0.0,
          0.0,
          1.0
        ]
      ]
    },
    {
      "file_path": "./images/0007.jpg",
      "sharpness": 14.336339334295166,
      "transform_matrix": [
        [
          0.35437328847558525,
          -0.17835509069189578,
          0.9179373802672313,
          3.9786426883207224
        ],
        [
          0.9281896549984403,
          0.18624543633005056,
          -0.3221437595242071,
          -0.9227722922840924
        ],
        [
          -0.11350566846576583,
          0.9661791237248951,
          0.23154775783237652,
          0.9324551777301806
        ],
        [
          0.0,
          0.0,
          0.0,
          1.0
        ]
      ]
    },
    {
      "file_path": "./images/0008.jpg",
      "sharpness": 20.570753633072627,
      "transform_matrix": [
        [
          0.39601937218477995,
          -0.1837144335864417,
          0.899676421720036,
          4.0036430594272465
        ],
        [
          0.907325945669982,
          0.2289188084491828,
          -0.35264118796953353,
          -1.1853501844017016
        ],
        [
          -0.14116757834290222,
          0.9559525020003068,
          0.2573451549903767,
          1.3430937143571688
        ],
        [
          0.0,
          0.0,
          0.0,
          1.0
        ]
      ]
    },
    {
      "file_path": "./images/0010.jpg",
      "sharpness": 32.37316146228813,
      "transform_matrix": [
        [
          0.5283641946900657,
          -0.05433468447524836,
          0.8472774161306765,
          3.5848122362351305
        ],
        [
          0.8348516625339146,
          0.21478962457924583,
          -0.506841315144839,
          -1.800447949703575
        ],
        [
          -0.15444733518776682,
          0.9751477627962918,
          0.15884854868601148,
          0.5334271917285338
        ],
        [
          0.0,
          0.0,
          0.0,
          1.0
        ]
      ]
    },
    {
      "file_path": "./images/0009.jpg",
      "sharpness": 34.28574036431123,
      "transform_matrix": [
        [
          0.480441655847925,
          -0.13865158120650609,
          0.865997433256948,
          3.965867348414238
        ],
        [
          0.8643952194950127,
          0.2418425233896572,
          -0.4408322792116932,
          -1.5497418455476284
        ],
        [
          -0.14831291194825724,
          0.960358231577938,
          0.23604098636209597,
          1.2862672980746874
        ],
        [
          0.0,
          0.0,
          0.0,
          1.0
        ]
      ]
    },
    {
      "file_path": "./images/0011.jpg",
      "sharpness": 34.16243693924882,
      "transform_matrix": [
        [
          0.565782421991829,
          0.029051174652126754,
          0.8240426446907794,
          3.323156864265268
        ],
        [
          0.8086543972862053,
          0.1757641561501798,
          -0.5614134191153471,
          -2.014863990141891
        ],
        [
          -0.1611468793666048,
          0.9840035521863476,
          0.07595190983722686,
          0.07201734025720495
        ],
        [
          0.0,
          0.0,
          0.0,
          1.0
        ]
      ]
    },
    {
      "file_path": "./images/0012.jpg",
      "sharpness": 31.569322795943165,
      "transform_matrix": [
        [
          0.5966478519154854,
          0.07339990807975905,
          0.7991394085834475,
          3.0971835869433595
        ],
        [
          0.78347342239807,
          0.16229523308910046,
          -0.599858027963863,
          -2.2318226056790755
        ],
        [
          -0.1737260407001896,
          0.9840084912549414,
          0.039326225011782234,
          -0.11806261647528003
        ],
        [
          0.0,
          0.0,
          0.0,
          1.0
        ]
      ]
    },
    {
      "file_path": "./images/0013.jpg",
      "sharpness": 18.54774869083287,
      "transform_matrix": [
        [
          0.627008450997773,
          0.08432424283964995,
          0.7744351648133465,
          2.8355422179526006
        ],
        [
          0.7562402318244269,
          0.1727235821337704,
          -0.6310842066993125,
          -2.4907701131431406
        ],
        [
          -0.18697891369489872,
          0.9813541594631279,
          0.04452976073100595,
          0.0016844008368055098
        ],
        [
          0.0,
          0.0,
          0.0,
          1.0
        ]
      ]
    },
    {
      "file_path": "./images/0014.jpg",
      "sharpness": 40.904425998143566,
      "transform_matrix": [
        [
          0.6414948789918351,
          0.07333242511188864,
          0.7636142191624267,
          2.6074290933113504
        ],
        [
          0.7442973731000111,
          0.1815398066693319,
          -0.6427011117083655,
          -2.721025717889488
        ],
        [
          -0.1857572088603811,
          0.9806455292676863,
          0.06187572493771229,
          0.24768755929828215
        ],
        [
          0.0,
          0.0,
          0.0,
          1.0
        ]
      ]
    },
    {
      "file_path": "./images/0015.jpg",
      "sharpness": 35.35836787977773,
      "transform_matrix": [
        [
          0.6213058110735266,
          0.046839514687804784,
          0.782166957268498,
          2.7100515440720128
        ],
        [
          0.7646772036317673,
          0.18162323366505245,
          -0.6182893944094752,
          -2.8007032676223127
        ],
        [
          -0.17102006721581597,
          0.9822520353289814,
          0.07702646139112246,
          0.3717256219687085
        ],
        [
          0.0,
          0.0,
          0.0,
          1.0
        ]
      ]
    },
    {
      "file_path": "./images/0016.jpg",
      "sharpness": 29.782331947110357,
      "transform_matrix": [
        [
          0.5473773950171437,
          0.013313808017357154,
          0.8367799770506614,
          3.1047988316171886
        ],
        [
          0.825174493701565,
          0.158102589784054,
          -0.5423012318335868,
          -2.579811810654539
        ],
        [
          -0.1395171759393594,
          0.9873329294980435,
          0.07555556895149715,
          0.38471914470106516
        ],
        [
          0.0,
          0.0,
          0.0,
          1.0
        ]
      ]
    },
    {
      "file_path": "./images/0017.jpg",
      "sharpness": 26.136594931074914,
      "transform_matrix": [
        [
          0.4502434891437253,
          -0.016653747021861842,
          0.8927504988777091,
          3.4457954910494433
        ],
        [
          0.8883699449501155,
          0.10900515897941404,
          -0.4460008029426476,
          -2.2357613053275864
        ],
        [
          -0.08988682551536174,
          0.9939016692199792,
          0.06387355143858242,
          0.30504255986138074
        ],
        [
          0.0,
          0.0,
          0.0,
          1.0
        ]
      ]
    },
    {
      "file_path": "./images/0019.jpg",
      "sharpness": 32.240934182327806,
      "transform_matrix": [
        [
          0.17692511572416733,
          -0.049893110801162155,
          0.982958890784938,
          4.0107622978592135
        ],
        [
          0.9830019106930418,
          -0.040802477118377645,
          -0.1790039145804312,
          -1.0786587983852558
        ],
        [
          0.04903821979356149,
          0.9979207560765286,
          0.04182604026196041,
          0.11285998502122802
        ],
        [
          0.0,
          0.0,
          0.0,
          1.0
        ]
      ]
    },
    {
      "file_path": "./images/0018.jpg",
      "sharpness": 29.422040043309085,
      "transform_matrix": [
        [
          0.3339545480157672,
          -0.03882788091107864,
          0.9417891247918094,
          3.8184260027076617
        ],
        [
          0.9422483075309799,
          0.040619888692543724,
          -0.3324427042332172,
          -1.7352543077406224
        ],
        [
          -0.02534732369116717,
          0.9984199619195084,
          0.05015070164224744,
          0.18273380189428376
        ],
        [
          0.0,
          0.0,
          0.0,
          1.0
        ]
      ]
    },
    {
      "file_path": "./images/0020.jpg",
      "sharpness": 28.390024339011852,
      "transform_matrix": [
        [
          0.04013768389670717,
          -0.051874199659954434,
          0.9978466985432329,
          4.042413493596945
        ],
        [
          0.9917427857254417,
          -0.11966548580924666,
          -0.04611310516395677,
          -0.49487221402026277
        ],
        [
          0.12179989036854444,
          0.9914581377787676,
          0.046642767835283705,
          0.17452514572517408
        ],
        [
          0.0,
          0.0,
          0.0,
          1.0
        ]
      ]
    },
    {
      "file_path": "./images/0021.jpg",
      "sharpness": 21.77721339409978,
      "transform_matrix": [
        [
          -0.06876016429697772,
          -0.05301339541408945,
          0.9962236795846126,
          3.9935082450562036
        ],
        [
          0.9845097150280911,
          -0.16504441598641068,
          0.059168925689897206,
          0.01926219031506014
        ],
        [
          0.16128440973505007,
          0.9848603559437961,
          0.06354068397132112,
          0.16842317087556302
        ],
        [
          0.0,
          0.0,
          0.0,
          1.0
        ]
      ]
    },
    {
      "file_path": "./images/0022.jpg",
      "sharpness": 23.12200990483897,
      "transform_matrix": [
        [
          -0.10723136619183894,
          -0.06823644140672958,
          0.9918897228126523,
          3.8526351838637996
        ],
        [
          0.9779202963390641,
          -0.18722283827172514,
          0.09284127766183134,
          0.4845523067352707
        ],
        [
          0.179369250754242,
          0.9799445887112951,
          0.08680596173178301,
          0.1252129110551752
        ],
        [
          0.0,
          0.0,
          0.0,
          1.0
        ]
      ]
    },
    {
      "file_path": "./images/0023.jpg",
      "sharpness": 15.224716184709374,
      "transform_matrix": [
        [
          -0.17263140577113234,
          -0.08666947042607875,
          0.9811660413457696,
          3.6067080999278494
        ],
        [
          0.9670935901001215,
          -0.20391808644339723,
          0.15214270277869413,
          0.7055239611612
        ],
        [
          0.18689137415545073,
          0.9751439980679101,
          0.11902015523131579,
          0.42655931956809623
        ],
        [
          0.0,
          0.0,
          0.0,
          1.0
        ]
      ]
    },
    {
      "file_path": "./images/0024.jpg",
      "sharpness": 35.84378158731613,
      "transform_matrix": [
        [
          -0.181086799963594,
          -0.09908612088885715,
          0.9784628309643277,
          3.8097142042026078
        ],
        [
          0.9657429213587899,
          -0.20595038591891243,
          0.15787668727689308,
          0.7446934974380753
        ],
        [
          0.18587140912336436,
          0.9735329369043074,
          0.13298661619063823,
          0.9592412594654198
        ],
        [
          0.0,
          0.0,
          0.0,
          1.0
        ]
      ]
    },
    {
      "file_path": "./images/0025.jpg",
      "sharpness": 13.589988184379305,
      "transform_matrix": [
        [
          -0.09565852137505475,
          -0.0012100791255688637,
          0.9954134734116424,
          3.8315399212906196
        ],
        [
          0.9853476583111415,
          -0.14197261657031823,
          0.09451861406734767,
          0.5702898559971644
        ],
        [
          0.14120708038773916,
          0.9898698459416234,
          0.014773239209614708,
          0.29703544990719105
        ],
        [
          0.0,
          0.0,
          0.0,
          1.0
        ]
      ]
    },
    {
      "file_path": "./images/0026.jpg",
      "sharpness": 13.146358459429852,
      "transform_matrix": [
        [
          -0.017776851031610905,
          0.10151992281215277,
          0.9946746648488625,
          3.7593718689720412
        ],
        [
          0.9963102429755278,
          -0.08174423591190574,
          0.0261491804366425,
          0.353446739542473
        ],
        [
          0.0839635832385302,
          0.9914694071023928,
          -0.09969218385933398,
          -0.2522944752159326
        ],
        [
          0.0,
          0.0,
          0.0,
          1.0
        ]
      ]
    },
    {
      "file_path": "./images/0027.jpg",
      "sharpness": 12.06601984455423,
      "transform_matrix": [
        [
          0.05024322825889296,
          0.16906636842838535,
          0.9843232096893503,
          3.7783530455695615
        ],
        [
          0.997444891859541,
          -0.058611384004892866,
          -0.04084597126553077,
          0.0013241331262485237
        ],
        [
          0.050786865601237755,
          0.9838603909011803,
          -0.1715792107192634,
          -0.6321252455767671
        ],
        [
          0.0,
          0.0,
          0.0,
          1.0
        ]
      ]
    },
    {
      "file_path": "./images/0028.jpg",
      "sharpness": 16.697445679587208,
      "transform_matrix": [
        [
          0.10108838739107312,
          0.2047952238205656,
          0.9735707751815166,
          3.786211091119373
        ],
        [
          0.9944569189693999,
          -0.04925010894168158,
          -0.09289705637643006,
          -0.44657325889499694
        ],
        [
          0.028923593287244375,
          0.9775650071081324,
          -0.20863864139199773,
          -0.714927608109091
        ],
        [
          0.0,
          0.0,
          0.0,
          1.0
        ]
      ]
    },
    {
      "file_path": "./images/0029.jpg",
      "sharpness": 11.142113709762189,
      "transform_matrix": [
        [
          0.1610531512077116,
          0.2617470960799094,
          0.9516040879653592,
          3.776874109061046
        ],
        [
          0.9869006067081091,
          -0.05193117930018315,
          -0.15274274154912604,
          -0.7851411656998757
        ],
        [
          0.009437953467148461,
          0.9637383516095216,
          -0.2666820479975755,
          -0.9409271386649491
        ],
        [
          0.0,
          0.0,
          0.0,
          1.0
        ]
      ]
    },
    {
      "file_path": "./images/0030.jpg",
      "sharpness": 14.764398268158699,
      "transform_matrix": [
        [
          0.19401241803165353,
          0.3064281828500709,
          0.9319125229640908,
          3.5814187990858537
        ],
        [
          0.9809952242900168,
          -0.05794106440043438,
          -0.18517884052074846,
          -0.8962508151294852
        ],
        [
          -0.0027480120944223738,
          0.9501287291015622,
          -0.31184586997144376,
          -1.2850113123700058
        ],
        [
          0.0,
          0.0,
          0.0,
          1.0
        ]
      ]
    },
    {
      "file_path": "./images/0031.jpg",
      "sharpness": 10.263737099682707,
      "transform_matrix": [
        [
          0.19736889748750513,
          0.30298710449921495,
          0.9323327372050876,
          3.678401780200092
        ],
        [
          0.9803193425083038,
          -0.06528402702955634,
          -0.18631152009249374,
          -0.9732459140190154
        ],
        [
          0.004416447608565174,
          0.9507559152457353,
          -0.3099091555095333,
          -1.0252909900283926
        ],
        [
          0.0,
          0.0,
          0.0,
          1.0
        ]
      ]
    },
    {
      "file_path": "./images/0032.jpg",
      "sharpness": 24.168760244788988,
      "transform_matrix": [
        [
          0.1228654466126306,
          0.19219552001528228,
          0.9736349234529935,
          4.209902123201217
        ],
        [
          0.9910348002611911,
          -0.07564029762414899,
          -0.1101297872824428,
          -0.7737312613060611
        ],
        [
          0.05247958365132844,
          0.9784372373913688,
          -0.19976602773894425,
          -0.25276365983187443
        ],
        [
          0.0,
          0.0,
          0.0,
          1.0
        ]
      ]
    },
    {
      "file_path": "./images/0033.jpg",
      "sharpness": 15.027470680158197,
      "transform_matrix": [
        [
          0.04363261336842253,
          0.12276540792772911,
          0.9914760963934344,
          4.4449489279914856
        ],
        [
          0.994376559475382,
          -0.10119245285085621,
          -0.031230521164628076,
          -0.21454181981827875
        ],
        [
          0.09649587046647244,
          0.9872632587890557,
          -0.12649033512881075,
          -0.1414084625871466
        ],
        [
          0.0,
          0.0,
          0.0,
          1.0
        ]
      ]
    },
    {
      "file_path": "./images/0034.jpg",
      "sharpness": 39.26525921087673,
      "transform_matrix": [
        [
          -0.017796553443952753,
          0.08508071295279018,
          0.996215114832908,
          4.34727211716416
        ],
        [
          0.993185091350957,
          -0.113277080349971,
          0.027416735507031824,
          0.04304311076746782
        ],
        [
          0.11518097501255924,
          0.9899139232292353,
          -0.08248495405179829,
          -0.20299605721629888
        ],
        [
          0.0,
          0.0,
          0.0,
          1.0
        ]
      ]
    }
  ]
}